10001400120005920250807124525
10001400130026420250807144711
10001400110036120250808152935
10001400130037720250808155156
10001400130042420250809094511
10001400120015620250806134622
10001400120025820250811070649
10001400110043420250809100056
10001400120002920250807090217
10001400110003220250805095945
10001400110012120250806071812
10001400130014520250806145316
10001400120016320250808111048
10001400120015720250808102949
10001400130039120250808164258
10001400110027920250808065314
10001400110012320250806073924
10001400130012620250806132850
10001400130025320250807140246
10001400110029320250808082919
10001400110040520250809075336
10001400120019620250808150154
10001400110014920250806150653
10001400110015920250806161324
10001400110031420250808110649
10001400110008820250805151135
10001400130028420250807161559
10001400120027120250811081902
10001400110045720250809113742
10001400120026020250811072542
10001400120006020250805093301
10001400110035520250808145538
10001400110035920250808152227
10001400130001320250804131926
10001400110023720250807143750
10001400120016820250806150456
10001400120022420250809101416
10001400130001820250804134553
10001400130019620250807085537
10001400130010520250805153218
10001400130017820250807071236
10001400110021520250807124125
10001400110050420250811074226
10001400130037920250808160159
10001400110049320250811064619
10001400110041720250809084425
10001400120009620250807154806
10001400110019320250807100731
10001400110038020250808170114
10001400110045520250809112645
10001400110012520250806081009
10001400120016020250806142150
10001400110028620250808075630
10001400120007420250807140944
10001400110022020250807130810
10001400110013420250806131744
10001400110029920250808090722
10001400110022220250807131738
10001400120010220250807162216
10001400130036620250808144256
10001400110040820250809080929
10001400130042920250809103854
10001400110048920250809140214
10001400120015720250806135429
10001400130039020250808163851
10001400120004720250807111952
10001400120015020250808095323
10001400130026820250807150444
10001400130025820250807142528
10001400110012420250806075451
10001400110026320250807164801
10001400110022120250807131129
10001400130017120250807064306
10001400110031320250808105354
10001400120013320250808081944
10001400110035820250808151835
10001400130010920250806073640
10001400120023120250809104416
10001400130005520250805085745
10001400120008420250807144728
10001400110001720250805081719
10001400130025220250807135959
10001400120005520250807122537
10001400110029020250808081550
10001400120019520250808145556
10001400130038720250808162818
10001400120013020250808080846
10001400110049520250811065632
10001400130018120250807072810
