10001400110053620250811105226
10001400120028220250811093000
10001400110055520250811122704
10001400110053020250811101534
10001400130049020250811082735
10001400120000320250804115229
10001400120027620250811084842
10004400160000120250807063741
10001400110055220250811121133
10001400110055320250811121611
10001400120000120250804094102
10001400110052620250811095256
10001400110055120250811120705
10001400120027420250811083400
10001400110055420250811122324
10001400110052720250811095841
10001400120026620250811075442
10001400110053720250811105607
10001400130049320250811090536
10001400120026520250811075050
10001400130049720250811092725
10001400120027220250811082441
10001400120026820250811080118
10001400110053920250811111040
10001400120028720250811123154
10001400120028020250811090707
10001400110054020250811111546
10001400130048420250811080142
10001400120017820250808131550
10001400120027520250811084506
10001400110052520250811094742
10001400110053220250811102608
10001400130048320250811075541
10001400130000420250804115055
10001400110054720250811114749
