10001400110029820250808085323
10001400120004220250807104919
10001400130003520250805065306
10001400120001820250807075453
10001400110016120250806162857
10001400130037420250808153730
10001400110015020250806151236
10001400110017220250807072000
10001400130030720250808071542
10001400120011320250807172210
10001400110014420250806143250
10001400110021020250807122437
10001400110001120250805074224
10001400110000720250805071542
10001400110009620250805155227
10001400120011220250805152732
10001400120010820250807165922
10001400120009720250805140130
10001400120002620250807082524
10001400110013120250806123413
10001400110040020250809073738
10001400130010020250805150628
10001400110040120250809074104
10001400130031820250808084835
10001400110010320250805162320
10001400130006120250805095929
10001400110045620250809113301
10001400110009820250805160016
10001400130043720250809121537
10001400110047720250809132146
10001400120011820250805160630
10001400110031820250808113721
10001400110028020250808065915
10001400120015520250806134309
10001400110046420250809121536
10001400110044820250809105539
10001400130039320250808164843
10001400110035020250808142932
10001400110028120250808070432
10001400120000920250807071857
10001400110033420250808130355
10001400120012220250808070141
10001400120000820250807071154
10001400110037620250808165004
10001400130018420250807074947
10001400120027620250811084842
10001400130010220250805151644
10001400130018820250807080755
10001400120012920250808080555
10001400110052620250811095256
10001400130003420250805064905
10001400110034820250808141820
10001400130012220250806125146
10001400110053220250811102608
10001400120018820250808140900
10001400110044720250809105238
10001400110002820250805091958
10001400120010920250807170331
10001400130027120250807151910
10001400120026820250811080118
10001400110005220250805115436
10001400120002820250807085410
10001400110007520250805141514
10001400110053620250811105226
10001400120020320250809063019
10001400130021520250807103913
10001400130039920250809073941
10001400130028320250807161232
10001400110018920250807090657
10001400110016620250807065247
10001400110017520250807073603
10001400120011120250805151955
10001400130021620250807104223
10001400110019620250807103159
10001400120017620250806155430
10001400110048620250809135302
10001400110029720250808084658
10001400120005420250805090339
10001400130006520250805105107
10001400110047620250809131926
10001400110008320250805145019
10001400110018420250807083836
10001400130018620250807080042
10001400130043120250809104824
10001400110043020250809093700
10001400110045220250809111140
10001400130026120250807143318
10001400110035120250808143235
10001400110012020250806071408
10001400130038820250808163329
10001400110015320250806153058
10001400120008320250805121441
10001400110041420250809083246
10001400120010720250805145754
10001400110030220250808093408
10001400120018720250808140229
10001400130025520250807141334
10001400110027820250808064839
10001400130044620250809124147
10001400110053920250811111040
10001400120002620250804145002
10001400110014120250806141713
10001400120016220250806143305
10001400110014620250806144557
10001400110010420250805162732
10001400110042720250809092218
10001400130003120250805061306
10001400120013220250808081517
10001400120014720250808091731
10001400130009220250805141146
10001400110029520250808083908
10001400110015220250806152446
10001400130048320250811075541
10001400130034420250808123934
10001400110026020250807162800
10001400120020620250809064206
10001400120005420250807121659
10001400120005120250807114715
10001400110031220250808103714
10001400120017420250806154728
10001400120006620250805100245
10001400130021320250807103139
10001400120011520250807172914
10001400120000920250804131820
10001400120024120250809131535
10001400110026720250807170418
10001400120013820250806073421
10001400120013520250805172147
10001400120000420250804123549
10001400130003820250805070821
10001400120025520250811065021
10001400120008820250805125703
10001400130029320250807170542
10001400110003120250805095146
10001400120021220250809070452
10001400110007920250805143012
10001400130014120250806143629
10001400130015820250806164420
10001400110016420250806164745
10001400110041220250809082330
10001400130037820250808155839
10001400130013620250806141400
10001400110006520250805130520
10001400130039720250808170424
10001400130030020250807173301
10001400130042120250809093013
10001400120011820250808064200
10001400120014820250806123927
10001400120012220250805162040
10001400110038720250809063652
10001400120004220250805080103
10001400130022020250807105440
10001400120015920250808103750
10001400120002420250804143704
10001400110015520250806153926
10001400130007820250805123852
10001400120017820250808131550
10001400120004320250807105351
10001400110001820250805082840
10001400110053720250811105607
10001400130001520250804133149
10001400130034720250808125517
10001400120023220250809105137
10001400120001920250804141001
10001400120015020250806124733
10001400130021820250807104840
10001400110005920250805123100
10001400120008120250805115536
10001400130003220250805061829
10001400110007420250805141201
10001400110047820250809132424
10001400110016920250807070626
10001400110045820250809114803
10001400130014020250806143217
10001400130000720250804124305
10001400130022920250807113903
10001400130044920250809124921
10001400120008820250807150349
10001400120003620250805072833
10001400110023220250807141131
10001400130044120250809122541
10001400130007520250805122058
10001400110003920250805103523
10001400120018520250808134904
10001400130028520250807161837
10001400130023420250807120747
10001400130037120250808151312
10001400120027520250811084506
10001400110009720250805155625
10001400130010120250805151158
10001400110036720250808161744
10001400130020920250807101526
10001400120002020250804141455
10001400120025620250811065532
10001400120013220250805170957
10001400120015620250808102246
10001400130009320250805142823
10001400130012820250806134155
10001400110037120250808163057
10001400130017320250807065127
10001400130047920250811070821
10001400130046620250809134158
10001400130029820250807172718
10001400110041120250809081944
10001400110006720250805131756
10001400130025620250807141925
10001400120006720250805100908
10001400110030820250808100938
10001400120001720250807074953
10001400120001620250807074652
10001400130025920250807142718
10001400130015520250806154957
10001400110007620250805141859
10001400130019820250807091316
10001400120011620250805155134
10001400120016620250808112547
10001400120008620250807145245
10001400110019920250807111338
10001400120001520250804135134
10001400130039620250808170038
10001400130032620250808094357
10001400130045120250809125449
10001400120005120250805084121
10001400130031320250808082638
10001400130000420250804115055
10001400110049020250809141225
10001400130011420250806121523
10001400110039420250809071533
10001400130025020250807134916
10001400130025120250807135530
10001400110042820250809092513
10001400130020720250807100755
10001400120015820250806140132
10001400130004920250805081333
10001400110005520250805120818
10001400130008020250805124946
10001400120024520250809135211
10001400120009820250807155545
10001400130022520250807112234
10001400120011120250807171220
10001400120007720250807142303
10001400130019420250807084303
10001400130047020250809140425
10001400110015120250806152045
10001400120002220250807080618
10001400130044020250809122303
10001400110035720250808151445
10001400130009820250805145734
10001400120018120250808132903
10001400120004120250807104430
10001400110026220250807164029
10001400120014020250808084713
10001400110001420250805080446
10001400110002620250805090348
10001400130028620250807162141
10001400130007320250805120056
10001400110004720250805111505
10001400110020620250807115328
10001400130036220250808142043
10001400130013020250806135215
10001400130015620250806155946
10001400130015120250806152655
10001400130011020250806073923
10001400120003420250807094128
10001400110007220250805135857
10001400130004720250805075923
10001400130035920250808140636
10001400110029120250808082217
10001400110040220250809074444
10001400110007320250805140840
10001400120002220250804142544
10001400110044520250809104734
10001400120003320250807092626
10001400130040420250809080250
10001400120026520250811075050
10001400110028520250808074924
10001400110010820250805164323
10001400120028220250811093000
10001400130035820250808140216
10001400110055120250811120705
10001400130027320250807153103
10001400120024820250809140243
10001400110030720250808100102
10001400130022220250807110147
10001400110001320250805080049
10001400110041620250809084117
10001400120017320250808124636
10001400130006820250805112518
10001400110039720250809072652
10001400120016420250808111603
10001400120007920250807142925
10001400120007020250805103142
10001400110003820250805103053
10001400130026220250807143750
10001400130026020250807143008
10001400120005020250805083628
10001400120004920250807113549
10001400120008020250805114948
10001400110009220250805153030
10001400110025920250807162307
10001400130043820250809121912
10001400110030520250808095102
10001400110046220250809120514
10001400110034520250808140501
10001400130035720250808135659
10001400130017620250807070517
10001400120011920250805161025
10001400130000620250804123722
10001400110003320250805100455
10001400120011720250808060812
10001400130037220250808151615
10001400110017120250807071620
10001400130029220250807170217
10001400110027020250807171846
10001400130032820250808095118
10001400130001020250804130308
10001400110028420250808073840
10001400130007420250805121321
10001400130026320250807144230
10001400130032320250808092906
10001400110047020250809125730
10001400130013920250806142704
10001400110046020250809115707
10001400110020220250807113146
10001400120004620250807110552
10001400110006220250805124511
10001400120016120250806142843
10001400110008220250805144537
10001400130009620250805144439
10001400130048120250811072111
10001400110018720250807085739
10001400120001820250804140435
10001400130013720250806141702
10001400110037520250808164538
10001400120005220250805084640
10001400130049320250811090536
10001400120027020250811081147
10001400110010920250805164613
10001400110019120250807092540
10001400110021320250807123145
10001400120016820250808113611
10001400130012120250806124843
10001400120024720250809135933
10001400130038020250808160632
10001400120018320250808134121
10001400120019920250809061219
10001400110048320250809134435
10001400120024920250809140649
10001400120020520250809063836
10001400110010220250805161830
10001400110012920250806121807
10001400130039420250808165305
10001400110049120250809141456
10001400110043820250809101428
10001400120005720250805091936
10001400130032420250808093308
10001400110002020250805083634
10001400130002020250804135533
10001400110019520250807102758
10001400130030320250808065508
10001400110024220250807145634
10001400130018320250807074220
10001400110004820250805112031
10001400110013220250806124122
10001400130005820250805091704
10001400110044220250809103715
10001400110038420250809062103
10001400110002120250805084102
10001400110046320250809120919
10001400110021420250807123725
10001400120008220250807143903
10001400120014320250806113920
10001400130020520250807095652
10001400120017520250808130143
10001400130011820250806123630
10001400110010720250805164006
10001400130024320250807125452
10001400110046920250809125423
10001400130049020250811082735
10001400110003720250805102657
10001400110029420250808083523
10001400110036020250808152606
10001400110022820250807135325
10001400120005020250807114226
10001400120012920250805170531
10001400110016820250807070102
10001400110014520250806143829
10001400110047320250809130533
10001400120015320250806132853
10001400120028020250811090707
10001400130001920250804134915
10001400130039820250809073459
10001400110027420250807174041
10001400120007220250807135859
10001400110002320250805085059
10001400120001520250807074335
10001400120009820250805140828
10001400120017520250806155152
10001400130015220250806153100
10001400130048920250811082226
10001400130037320250808151941
10001400130011920250806124224
10001400120013820250808084018
10001400110031620250808112407
10001400130012920250806134719
10001400120020020250809061754
10001400110024920250807152746
10001400120024620250809135609
10001400110038120250808170441
10001400120022720250809102719
10001400130021020250807101858
10001400110004220250805105037
10001400120028720250811123154
10001400120007120250805104603
10001400110044420250809104332
10001400120016720250808113021
10001400130023320250807120324
10001400110026420250807165050
10001400120000120250807063936
10001400120014320250808085840
10001400120005820250805092252
10001400130026920250807150922
10001400130004020250805071729
10001400130008320250805130900
10001400120015920250806141722
10001400130004620250805075542
10001400130043020250809104330
10001400120010620250807165310
10001400120012420250808071121
10001400120010320250805144123
10001400120027220250811082441
10001400130048820250811081600
10001400110008620250805150258
10001400120010820250805150219
10001400110055520250811122704
10001400130017520250807070054
10001400120020120250809062336
10001400110002920250805092656
10001400120007820250805113615
10001400120015220250808100442
10001400110047520250809131153
10001400110046120250809120149
10001400120010920250805150738
10001400110049420250811065106
10001400110020320250807113659
10001400130038920250808163612
10001400110017020250807071010
10001400120008020250807143229
10001400110008420250805145422
10001400110010120250805161210
10001400120007820250807142555
10001400130022320250807110812
10001400120021420250809071117
10001400120001720250804140009
10001400120006720250807133941
10001400130029620250807171732
10001400120013420250805171813
10001400130034120250808122206
10001400130013220250806135829
10001400120013620250806071635
10001400110043620250809100722
10001400110005820250805122449
10001400110021820250807125557
10001400110034020250808134320
10001400110032920250808123446
10001400120003820250807102834
10001400110040920250809081122
10001400130008620250805133621
10001400120027420250811083400
10001400110040620250809080310
10001400120018420250808134529
10001400130005220250805083120
10001400110038520250809062656
10001400110037020250808162806
10001400120011020250807170845
10001400110006620250805131215
10001400120000720250807070612
10001400130003920250805071321
10001400110033620250808131642
10001400110038220250808170754
10001400130013820250806142056
10001400110004620250805111043
10001400120020920250809065221
10001400110008520250805145852
10001400120021320250809070821
10001400130020820250807101132
10001400110012220250806073307
10001400110019020250807092006
10001400130041020250809082243
10001400120017420250808125745
10001400110018220250807082744
10001400110017720250807074823
10001400130027520250807154142
10001400120016320250806144034
10001400110018520250807084634
10001400110034920250808142307
10001400110037320250808164013
10001400110022320250807132454
10001400130048020250811071439
10001400130034020250808115041
10001400110041020250809081449
10001400130045720250809131027
10001400120013920250806073905
10001400110054720250811114749
10001400130038220250808161223
10001400110045120250809110907
10001400120007720250805113006
10001400120003620250807100553
10001400120012320250805162539
10001400110006420250805125917
10001400130009520250805143718
10001400130032220250808090919
10001400110016320250806164409
10001400120017820250806160158
10001400110034220250808135449
10001400120011620250807173250
10001400130038620250808162458
10001400120001220250804133647
10001400120015420250808101524
10001400130035520250808134307
10001400110000820250805072248
10001400110011720250805172047
10001400120007520250807141428
10001400110007720250805142231
10001400120024220250809132007
10001400120015120250808095922
10001400120022620250809102345
10001400130027620250807154540
10001400120011420250805153905
10001400130006920250805112942
10001400110047220250809130213
10001400110041520250809083534
10001400130014420250806144934
10001400120009920250807155909
10001400110020120250807112433
10001400110048820250809140004
10001400120023520250809110302
10001400120010320250807162915
10001400110022420250807133014
10001400120019320250808144046
10001400110055320250811121611
10001400120010120250807161438
10004400160000120250807063741
10001400130012020250806124548
10001400120013420250808082359
10001400110042220250809090157
10001400130022820250807113606
10001400110051020250811083015
10001400130011620250806122444
10001400110028220250808071432
10001400120002520250804144047
10001400130031420250808083121
10001400130036320250808142410
10001400120006120250805093947
10001400130021920250807105114
10001400130019520250807084814
10001400110039520250809071921
10001400110015820250806155823
10001400110000920250805072903
10001400120021120250809070202
10001400110012720250806114204
10001400120014520250808091021
10001400120005620250807123147
10001400120007620250805112553
10001400110037920250808165800
10001400130027820250807155130
10001400120014520250806121140
10001400110009520250805154907
10001400130003720250805070427
10001400120009320250805133619
10001400110044620250809105003
10001400130035220250808132707
10001400130002320250804140706
10001400110026520250807165431
10001400110037220250808163326
10001400130042820250809103236
10001400130046920250809140037
10001400130028120250807160713
10001400130015920250806165026
10001400120000620250804125330
10001400120004920250805083140
10001400110032020250808114634
10001400120009220250807151748
10001400110024320250807150027
10001400130030620250808070726
10001400130027220250807152537
10001400120017020250808115829
10001400120007420250805110659
10001400130040020250809074240
10001400120017720250806155737
10001400130024620250807132529
10001400130031520250808083728
10001400120011920250808064759
10001400120003020250807090600
10001400130027920250807155641
10001400120013720250806073058
10001400110040420250809075100
10001400110042420250809090906
10001400130040820250809081630
10001400120011420250807172517
10001400130023520250807121232
10001400120004020250805075443
10001400110036220250808153129
10001400120009120250807151359
10001400110020820250807121631
10001400120006020250807124918
10001400130038320250808161529
10001400110028820250808080519
10001400120003920250807103311
10001400110018820250807090122
10001400130024520250807132010
10001400130017020250807063817
10001400130036920250808150354
10001400120008520250805123629
10001400110039820250809073120
10001400120021020250809065700
10001400120023020250809104141
10001400130014820250806150935
10001400130004420250805073841
10001400110027720250808064340
10001400130019920250807091733
10001400130018520250807075338
10001400130016920250807063416
10001400110044320250809104057
10001400120002120250807080308
10001400110010020250805160813
10001400130044520250809123924
10001400120025120250809141536
10001400130036020250808141128
10001400110028320250808072805
10001400130015420250806154405
10001400120012120250805161602
10001400120023720250809111320
10001400120023320250809105359
10001400130039520250808165709
10001400110005420250805120328
10001400120017920250808131930
10001400110021620250807124446
10001400130005120250805082412
10001400120020220250809062612
10001400130035020250808131718
10001400130020620250807100408
10001400120011220250807171653
10001400110025520250807160017
10001400120009120250805131703
10001400130038420250808161926
10001400120002720250807083009
10001400110003620250805102221
10001400110045020250809110214
10001400110033320250808125925
10001400130042220250809093243
10001400120005720250807123513
10001400110036920250808162450
10001400120025020250809141117
10001400120024420250809134844
10001400130018920250807081153
10001400110000320250805062735
10001400120000120250804094102
10001400110011120250805165230
10001400120001020250804132909
10001400110032120250808115108
10001400120020720250809064513
10001400110050220250811073439
10001400110043520250809100341
10001400110048420250809134710
10001400130021120250807102210
10001400110020020250807111751
10001400130016720250807062250
10001400110017920250807080534
10001400130029120250807165832
10001400130030220250808065020
10001400110014020250806141232
10001400120008220250805120303
10001400130039220250808164531
10001400120003820250805074640
10001400110019220250807100203
10001400120010520250807164322
10001400120022820250809103304
10001400130025720250807142149
10001400110053020250811101534
10001400120009020250805130854
10001400130047220250809140924
10001400120014120250808085110
10001400110006920250805133517
10001400130015320250806153413
10001400120010220250805143655
10001400130012320250806130200
10001400120007320250805105846
10001400130022720250807113216
10001400110004520250805110412
10001400110048220250809134201
10001400110041920250809085153
10001400110004120250805104331
10001400130002420250804141157
10001400110009120250805152434
10001400120010620250805145424
10001400130014720250806150536
10001400110016720250807065715
10001400120003120250807091342
10001400110048520250809135001
10001400110025420250807155432
10001400130004820250805080846
10001400130028820250807162812
10001400110011220250805170045
10001400110042320250809090511
10001400120009920250805141314
10001400130031220250808082014
10001400110028720250808075956
10001400110028920250808081031
10001400110009320250805153904
10001400110040320250809074804
10001400110010620250805163650
10001400120014220250808085446
10001400130007920250805124455
10001400130030820250808071829
10001400110025720250807160940
10001400130032920250808095705
10001400130034520250808124540
10001400130011520250806122018
10001400130037020250808150811
10001400110036820250808162137
10001400130024720250807133055
10001400120010520250805145048
10001400130040320250809075317
10001400110038320250809061439
10001400110010520250805163230
10001400120026620250811075442
10001400130023820250807122927
10001400110034620250808140836
10001400120005820250807123944
10001400130013120250806135533
10001400130008120250805125522
10001400130015720250806163235
10001400120012420250805162933
10001400110036620250808161320
10001400110039220250809070634
10001400130036820250808145524
10001400120001920250807075844
10001400120006820250805102031
10001400120003920250805075127
10001400130034220250808122636
10001400110005020250805114056
10001400120017720250808131032
10001400130019120250807082048
10001400120000220250807064549
10001400130024420250807130924
10001400120017220250806153450
10001400120014920250806124303
10001400130001420250804132600
10001400110003420250805101257
10001400120022520250809101927
10001400120015820250808103330
10001400120002420250807081229
10001400120016920250806151243
10001400120001620250804135558
10001400110025120250807153803
10001400110038920250809065357
10001400110042020250809085420
10001400110033720250808132452
10001400110020420250807114422
10001400110039320250809071015
10001400120009220250805133101
10001400130031720250808084518
10001400120013720250808083634
10001400130000920250804125755
10001400130021720250807104447
10001400130017220250807064713
10001400120000820250804130634
10001400110000420250805064715
10001400130013420250806140550
10001400130035120250808132203
10001400130037520250808154110
10001400110039020250809065843
10001400130016820250807062943
10001400110052720250811095841
10001400130018020250807072209
10001400130022620250807112840
10001400120010720250807165651
10001400120004120250805075746
10001400120001220250807073045
10001400130049720250811092725
10001400130017420250807065610
10001400110052520250811094742
10001400120009020250807151121
10001400120004820250805082258
10001400110048020250809133158
10001400130029920250807173007
10001400130014220250806143919
10001400130021420250807103501
10001400130003320250805063541
10001400110015620250806154653
10001400120006120250807125639
10001400130038120250808160939
10001400110018120250807081539
10001400110033820250808133227
10001400110050020250811072338
10001400110026620250807165902
10001400110007020250805134726
10001400110035220250808143634
10001400110047420250809130858
10001400110012820250806121132
10001400120008320250807144453
10001400130002220250804140321
10001400110014720250806145245
10001400130028720250807162427
10001400120007620250807141915
10001400120006620250807133459
10001400130005320250805083809
10001400120000320250804115229
10001400120027320250811082944
10001400120015320250808100905
10001400110004320250805105501
10001400120023420250809105800
10001400120025420250811064625
10001400130036720250808144553
10001400130022420250807111317
10001400130047420250809141326
10001400120005920250805092911
10001400130044420250809123605
10001400110019820250807105649
10001400110033220250808125345
10001400120020420250809063520
10001400110037720250808165328
10001400110039120250809070244
10001400120015120250806125236
10001400110017620250807073920
10001400110054020250811111546
10001400110002420250805085629
10001400130034620250808125153
10001400120011720250805160141
10001400110004420250805105939
10001400120017120250808120225
10001400130013520250806141008
10001400110015420250806153535
10001400120010120250805143021
10001400130006320250805103631
10001400120012620250805164014
10001400130002120250804135858
10001400130044720250809124520
10001400130031120250808075403
10001400110001520250805080816
10001400120003720250805073700
10001400110021120250807122824
10001400130008220250805130121
10001400110001220250805075312
10001400110020920250807122100
10001400130030120250807173609
10001400120005320250805085237
10001400110005320250805115845
10001400120008920250807150804
10001400110034120250808134937
10001400120001420250807073902
10001400110046820250809125044
10001400110042620250809091939
10001400110018320250807083319
10001400110019420250807102143
10001400110047120250809125946
10001400120000520250804124741
10001400120012620250808072010
10001400130020020250807092008
10001400130045620250809130719
10001400130014620250806145857
10001400130001620250804133816
10001400110055420250811122324
10001400120002520250807081842
10001400120026320250811074211
10001400110018020250807080940
10001400110044920250809105841
10001400130036120250808141546
10001400120013620250808083406
10001400110023320250807141432
10001400130012720250806133718
10001400110032720250808122535
10001400110030920250808101545
10001400110004020250805103934
10001400130012420250806130938
10001400110055220250811121133
10001400130040720250809081344
10001400120016520250808111922
10001400110039620250809072313
10001400120001120250807072720
10001400110014220250806142127
10001400130019720250807090409
10001400120014620250806122323
10001400130021220250807102804
10001400130001120250804130801
10001400130036520250808143842
10001400130031920250808085239
10001400110032520250808120938
10001400110007820250805142725
10001400120016720250806145300
10001400120023920250809113729
10001400130048420250811080142
10001400110031020250808101953
10001400110036520250808154921
10001400130004520250805074859
10001400110046720250809124726
10001400120009420250807153052
10001400110001920250805083243
10001400130017920250807071803
10001400130025420250807140941
10001400130009920250805150211
10001400130018220250807073658
10001400110005120250805114510
10001400120011320250805153355
10001400120011520250805154436
10001400130026620250807145447
10001400110009920250805160400
10001400110047920250809132753
10001400110011420250805171009
10001400120012020250808065114
10001400130002620250804142953
10001400120001020250807072336
10001400110038620250809063201
10001400110041820250809084804
10001400110033020250808124015
10001400120026720250811075822
10001400120000720250804130038
10001400130007620250805122737
10001400120008620250805124222
10001400130027420250807153749
10001400120010420250805144518
10001400120007320250807140558
10001400110038820250809064021
10001400110026920250807171429
10001400110044020250809102309
10001400110029220250808082610
10001400130005020250805081836
10001400130029720250807172240
10001400130023220250807115541
10001400110002220250805084459
10001400120026120250811072806
10001400110017320250807072431
10001400130042020250809091623
10001400130034820250808130016
10001400120001120250804133306
10001400110043120250809094028
10001400110030320250808093715
10001400120006320250807132138
10001400120006320250805095209
10001400130041120250809082829
10001400130030420250808065820
10001400110011320250805170503
10001400130040120250809074939
10001400130010320250805152146
10001400130023720250807122251