10001400110015620250806154653
10001400130009220250805141146
10001400120017420250806154728
10001400120012320250805162539
10001400110011120250805165230
10001400110004020250805103934
10001400110015320250806153058
10001400120009020250805130854
10003400150007220250805125146
10003400140005820250805134004
10003400140001020250804140744
10001400120012620250805164014
10001400110009720250805155625
10001400120008820250805125703
10001400110009120250805152434
10001400120009220250805133101
10001400130006320250805103631
10002400030048920250806152420
10003400140017620250807093109
10001400110001820250805082840
10001400120004020250805075443
10001400120003620250805072833
10001400130008020250805124946
10001400110010720250805164006
10002400020078420250809092641
10001400130006820250805112518
10001400120004920250805083140
10001400120003820250805074640
10003400140006120250805140957
10001400130015220250806153100
10002400030050020250806155924
10001400110015220250806152446
10001400110000420250805064715
10003400150004920250805103408
10001400130015120250806152655
10002400030049720250806154912
10002400020076320250809072536
10001400130007820250805123852
10003400150003820250805090846
10001400120012220250805162040
10001400120011520250805154436
10003400100007920250805133138
10003400100009820250805151823
10003400150007420250805130925
10002400020078920250809095941
10001400120007020250805103142
10001400130006120250805095929
10003400140018120250807100324
10001400120013520250805172147
10002400030050520250806161336
10001400130027320250807153103
10002400020050120250806155155
10001400110007720250805142231
10001400120011720250805160141
10001400120011220250805152732
10001400130015920250806165026
10001400130016820250807062943
10001400110001220250805075312
10001400130008120250805125522
10002400030050720250806161845
10001400120013220250805170957
10001400120006820250805102031
10001400110015420250806153535
10001400120017220250806153450
10001400110010520250805163230
10001400110007420250805141201
10001400120011620250805155134
10003400150009920250805160910
10001400110024220250807145634
10002400030074420250809082604
10001400110016320250806164409
10001400110002120250805084102
10001400110012020250806071408
10002400030050320250806161021
10003400140005320250805125615
10001400130016920250807063416
10001400110002620250805090348
10002400030074820250809084941
10003400100009420250805145922
10001400110003420250805101257
10001400120017520250806155152
10003400150005220250805105820
10001400120012420250805162933
10001400120005320250805085237
10002400020014420250801120345
10003400140018620250807105705
10001400130013420250806140550
10001400130005820250805091704
10003400100022320250807105253
10001400110004320250805105501
10002400020075320250808182100
10002400030049520250806154449
10001400120011120250805151955
10003400150004020250805092014
10001400110004420250805105939
10001400110005020250805114056
10001400110003820250805103053
10001400120009020250807151121
10001400130015420250806154405
10003400100008320250805135410
10001400120006720250807133941
10001400110009920250805160400
10002400020049820250806153655
10002400020050220250806155556
10002400020078620250809094009
10003400150005920250805113722
10001400110001520250805080816
10001400110011420250805171009
10001400110002320250805085059
10003400140006320250805142048
10002400030072720250808182020
10003400150007520250805131622
10001400110015820250806155823
10001400120008320250805121441
10001400130015720250806163235
10001400110007520250805141514
10001400110003320250805100455
10001400120012120250805161602
10003400140002720250805092449
10001400110010820250805164323
10001400130016720250807062250
10001400110004220250805105037
10003400100022420250807105901
10003400150027820250807161425
10001400110005120250805114510
10003400150004820250805102712
10001400110004120250805104331
10001400120011820250805160630
10001400120007120250805104603
10003400140001520250804145216
10001400120005720250805091936
10003400100009520250805150426
10003400150007720250805133419
10001400130003820250805070821
10001400110011720250805172047
10003400140002620250805092055
10003400150021920250807094554
10002400030074220250809081549
10001400110004520250805110412
10001400110007620250805141859
10003400100001920250804143406
10003400100007720250805131347
10001400110002420250805085629
10001400110011320250805170503
10001400120011920250805161025
10001400120003720250805073700
10001400110015020250806151236
10003400100007520250805130312
10002400020049520250806152253
