10003400150022720250807103556
10002400020049820250806153655
10003400140006320250805142048
10003400140037120250809131328
10002400030062920250808090654
10001400110043420250809100056
10001400130010920250806073640
10003400140018620250807105705
10001400110015020250806151236
10003400150003820250805090846
10003400150007420250805130925
10010400090029920250808111928
10001400110010520250805163230
10001400120011220250805152732
10003400100004620250805092527
10001400120006020250805093301
10001400110049520250811065632
10010400090012320250807081251
10003400150021920250807094554
10001400130017820250807071236
10001400120019520250808145556
10003400100007920250805133138
10001400130008020250805124946
10001400120027820250811085648
10001400130008120250805125522
10004400160011420250808143315
10002400030006020250730153754
10001400130015720250806163235
10001400120009620250807154806
10003400150037020250808130238
10002400030015520250801112359
10003400150004920250805103408
10001400120012420250805162933
10002400020078420250809092641
10003400100022420250807105901
10001400130006120250805095929
10001400130010520250805153218
10001400120006820250805102031
10001400110015920250806161324
10001400110019320250807100731
10001400110048920250809140214
10002400020005720250728122345
10001400110026320250807164801
10001400120011820250805160630
10001400110005020250805114056
10001400110002620250805090348
10002400020004320250728102548
10002400030074820250809084941
10001400120017220250806153450
10001400110028620250808075630
10003400100009520250805150426
10001400120012320250805162539
10002400020079220250809102159
10003400100040820250809105739
10001400110022020250807130810
10001400110003420250805101257
10003400100026420250807160309
10003400100022320250807105253
10001400110016320250806164409
10002400020054120250807093714
10001400130015120250806152655
10003400100008320250805135410
10002400030050020250806155924
10001400120002920250807090217
10001400110011720250805172047
10003400150031920250808090041
10002400030038520250805124504
10001400120009220250805133101
10001400110007720250805142231
10002400020045520250806120816
10003400100026020250807154635
10002400020000920250730131116
10010400090029320250808105318
10002400030032020250804150517
10003400100032820250808114444
10002400030072720250808182020
10002400020010020250801071730
10001400110000420250805064715
10001400130013420250806140550
10004400170006520250808081818
10001400110012420250806075451
10001400120013020250808080846
10010400090013120250807084432
10003400140003220250805094456
10001400110010820250805164323
10010400090026020250808082117
10003400150004020250805092014
10002400030050720250806161845
10001400110023720250807143750
10001400110003220250805095945
10001400110029920250808090722
10001400130027320250807153103
10001400130016820250807062943
10010400090029420250808105841
10002400030020020250801155442
10010400090025020250808072806
10001400130017120250807064306
10002400020012720250801091940
10002400030074220250809081549
10003400140005320250805125615
10001400130006820250805112518
10003400140002820250805092900
10001400120007020250805103142
10001400110003820250805103053
10001400120026020250811072542
10001400120009020250807151121
10001400110007520250805141514
10001400110012520250806081009
10001400120007420250807140944
10003400100007520250805130312
10003400100023020250807113440
10001400130018120250807072810
10002400020049620250806152945
10001400120016020250806142150
10003400150007220250805125146
10001400120011920250805161025
10003400140017620250807093109
10001400110014920250806150653
10001400110003320250805100455
10001400110015820250806155823
10002400020049520250806152253
10001400110031320250808105354
10003400150001820250804142927
10001400120011120250805151955
10003400140005820250805134004
10001400110015620250806154653
10001400110041720250809084425
10002400020071120250808145900
10002400020053520250807090913
10002400020004520250731111622
10010400090030120250808112521
10003400140002620250805092055
10010400090034320250808151607
10003400140024920250808080925
10001400130026820250807150444
10001400130005520250805085745
10003400150027820250807161425
10001400130025220250807135959
10003400150047620250809122422
10003400100040720250809105259
10010400090011820250807075627
10002400020076320250809072536
10001400130042920250809103854
10002400020018220250801155542
10003400100016120250806124218
10001400130015920250806165026
10001400120027720250811085443
10001400110012320250806073924
10001400120004920250805083140
10001400110012020250806071408
10001400110035520250808145538
10001400110015320250806153058
10003400150007720250805133419
10001400110004320250805105501
10001400120008320250805121441
10002400030080120250811082659
10002400030002220250730114738
10002400020020020250802070428
10002400020004920250731113103
10001400120015720250806135429
10003400140001020250804140744
10001400120013320250808081944
10002400020028020250804132358
10001400110040820250809080929
10002400020001620250730152836
10002400020039020250805143729
10004400160007320250808081823
10001400130036620250808144256
10001400120004020250805075443
10002400030049520250806154449
10002400030007520250731102718
10001400110002420250805085629
10001400120011720250805160141
10001400110004420250805105939
10001400120005720250805091936
10001400110021520250807124125
10004400160008920250808100632
10001400110015420250806153535
10003400150029920250808071318
10001400130009220250805141146
10002400020046620250806131429
10001400110015220250806152446
10003400100040020250809101228
10004400160010520250808132205
10001400130006320250805103631
10003400100009820250805151823
10001400120019620250808150154
10001400120012620250805164014
10001400120016320250808111048
10001400110001720250805081719
10001400110024220250807145634
10002400030018120250801142409
10010400090008120250805140049
10003400100007220250805123740
10001400110001520250805080816
10002400030056220250807142535
10001400120017420250806154728
10003400100024620250807133705
10001400130005820250805091704
10010400090014920250807103256
10001400120003720250805073700
10001400110002120250805084102
10001400130019620250807085537
10002400030048920250806152420
10001400110001220250805075312
10001400110035820250808151835
10004400170006020250808074429
10001400120005320250805085237
10001400110022120250807131129
10010400090013220250807084729
10001400120013520250805172147
10010400090029220250808104811
10010400090007320250805132952
10001400110010720250805164006
10003400100021920250807100049
10001400130016920250807063416
10003400140021120250807142613
10001400110036120250808152935
10002400030005020250730142903
10001400130003820250805070821
10001400120008820250805125703
10003400150023320250807110409
10010400090009820250806142031
10002400020050220250806155556
10002400020036720250805125108
10001400130015420250806154405
10001400120012120250805161602
10001400130039120250808164258
10003400100027720250808064424
10010400090012720250807082740
10002400030053520250807114831
10001400130001320250804131926
10003400150036920250808125717
10001400110002320250805085059
10001400110045720250809113742
10002400020007620250731150537
10001400120023120250809104416
10001400120017520250806155152
10001400130015220250806153100
10003400100015820250806121658
10001400110004020250805103934
10010400090028920250808103552
10001400120012220250805162040
10002400030077320250809113750
10002400020046920250806132830
10002400020009920250801071423
10010400090013920250807092422
10003400150005220250805105820
10001400120016820250806150456
10001400130007820250805123852
10001400120015720250808102949
10002400030074420250809082604
10002400030078720250809130914
10003400100009420250805145922
10001400110004220250805105037
10001400110001820250805082840
10001400110050420250811074226
10001400120015020250808095323
10002400030050520250806161336
10001400120007120250805104603
10002400030044720250806115445
10002400030006120250731083356
10001400130001820250804134553
10001400110011120250805165230
10002400030049720250806154912
10003400150010320250806063327
10004400160008620250808094757
10001400110040520250809075336
10003400140030720250808150041
10003400150009920250805160910
10001400130016720250807062250
10001400110007420250805141201
10002400030071220250808170627
10003400140002720250805092449
10003400100040620250809104742
10002400020018020250801154449
10003400150007120250805124209
10002400030050320250806161021
10003400140033620250809093715
10001400110005120250805114510
10010400090036420250808162400
10001400120011520250805154436
10004400160006020250808065424
10001400110009920250805160400
10001400120003620250805072833
10001400110011420250805171009
10001400120003820250805074640
10001400130042420250809094511
10004400170007820250808093433
10001400130037920250808160159
10004400160007920250808084259
10001400110009720250805155625
10010400090021920250807170047
10002400020078920250809095941
10002400020014420250801120345
10003400140001520250804145216
10003400150004820250805102712
10001400120009020250805130854
10001400120013220250805170957
10004400170007920250808095557
10002400020013520250801111403
10003400100007720250805131347
10003400140018120250807100324
10001400110004520250805110412
10010400090029020250808103841
10001400120008420250807144728
10002400020074220250808174435
10002400020001020250730145325
10001400110004120250805104331
10001400120005920250807124525
10001400120025820250811070649
10002400020050120250806155155
10002400030013620250801083400
10001400110008820250805151135
10001400110035920250808152227
10002400020007520250731150239
10001400110022220250807131738
10003400100001920250804143406
10010400090021820250807165750
10003400150007520250805131622
10001400110009120250805152434
10010400090007420250805133235
10002400020075320250808182100
10001400120006720250807133941
10001400130026420250807144711
10001400110011320250805170503
10001400120027120250811081902
10002400030029720250804132203
10001400130028420250807161559
10001400130025820250807142528
10001400110007620250805141859
10002400020078620250809094009
10001400120011620250805155134
10002400020033920250805100240
10002400030047320250806142451
10003400150005920250805113722
10003400140006120250805140957
10003400150023220250807105807
10003400100002320250804150135
