10003400150028420250807164703
10003400100025420250807144307
10001400110015620250806154653
10003400140017120250807085246
10001400110016320250806164409
10002400030050320250806161021
10001400110012020250806071408
10003400100025320250807143646
10003400140001120250804141725
10001400120017420250806154728
10003400150027320250807155208
10001400110007020250805134726
10001400110015320250806153058
10001400130008620250805133621
10001400120017520250806155152
10001400120008820250805125703
10003400150001420250804133544
10003400150028020250807162404
10002400030049520250806154449
10003400150001320250804133130
10003400140016720250807083226
10003400100001420250804132745
10001400130015420250806154405
10003400140021820250807154416
10002400030047720250806144028
10001400130015220250806153100
10003400150001620250804135047
10001400110015220250806152446
10002400020050220250806155556
10002400020049820250806153655
10003400100002220250804145635
10001400130009520250805143718
10002400020049920250806154137
10001400120010120250805143021
10001400110000120250803150108
10003400140016220250807075059
10001400130015120250806152655
10002400030049720250806154912
10001400130000420250804115055
10003400150020820250807082801
10001400110008620250805150258
10001400110008520250805145852
10001400120007020250805103142
10001400120010820250805150219
10001400110007920250805143012
10001400130015720250806163235
10001400120009820250805140828
10001400130009920250805150211
10003400100025920250807154058
10001400120000120250804094102
10003400100027120250807164657
10002400030049820250806155404
10003400100022520250807110517
10003400150021320250807085730
10001400110007220250805135857
10003400150027820250807161425
10003400150023820250807114217
10003400150028520250807165151
10003400100023420250807115921
10002400020050120250806155155
10003400150020620250807080821
10002400030050720250806161845
10003400140022720250807164844
10003400100020420250807080009
10003400100001820250804140344
10001400110015420250806153535
10003400140016420250807080809
10001400120017220250806153450
10003400150000720250804130155
10003400140016320250807080138
10003400140000820250804134545
10001400130009820250805145734
10001400110015020250806151236
10003400140000520250804133444
10001400120009720250805140130
10002400020049520250806152253
