10001400110024220250807145634
10001400130009220250805141146
10003400140005320250805125615
10001400130016920250807063416
10001400110002620250805090348
10001400120012320250805162539
10001400110011120250805165230
10001400120009020250805130854
10003400140001020250804140744
10001400120012620250805164014
10003400150007220250805125146
10003400100009420250805145922
10003400140005820250805134004
10001400110009720250805155625
10003400150005220250805105820
10001400110009120250805152434
10001400120012420250805162933
10003400140018620250807105705
10001400130013420250806140550
10001400120009220250805133101
10001400130005820250805091704
10003400100022320250807105253
10001400110010720250805164006
10003400150004020250805092014
10001400120004920250805083140
10001400120009020250807151121
10003400140006120250805140957
10003400100008320250805135410
10001400120006720250807133941
10001400110009920250805160400
10003400150005920250805113722
10001400110000420250805064715
10003400150004920250805103408
10001400110011420250805171009
10003400140006320250805142048
10003400150007520250805131622
10001400120012220250805162040
10001400110015820250806155823
10003400150003820250805090846
10001400120011520250805154436
10003400100007920250805133138
10003400100009820250805151823
10003400150007420250805130925
10001400130006120250805095929
10003400140018120250807100324
10001400110007520250805141514
10003400140002720250805092449
10001400120012120250805161602
10001400110003320250805100455
10001400110010820250805164323
10001400130016720250807062250
10001400120013520250805172147
10003400100022420250807105901
10003400150004820250805102712
10001400130027320250807153103
10003400140001520250804145216
10001400120011820250805160630
10001400110007720250805142231
10001400120011720250805160141
10003400100009520250805150426
10003400150007720250805133419
10001400120011220250805152732
10001400130015920250806165026
10001400130016820250807062943
10001400130003820250805070821
10001400130008120250805125522
10001400110011720250805172047
10003400140002620250805092055
10001400120013220250805170957
10001400110007620250805141859
10001400110010520250805163230
10001400110007420250805141201
10003400100001920250804143406
10001400120011620250805155134
10003400100007720250805131347
10001400110011320250805170503
10001400120011920250805161025
10003400150009920250805160910
10003400100007520250805130312
